image_width: 640
image_height: 480
camera_name: logitech_c270
camera_matrix:
  rows: 3
  cols: 3
  data: [726.904506, 0.000000, 337.392672, 0.000000, 723.822748, 254.374653, 0.000000, 0.000000, 1.000000]
distortion_model: plumb_bob
distortion_coefficients:
  rows: 1
  cols: 5
  data: [0.163296, -0.494724, 0.008482, 0.004809, 0.000000]
rectification_matrix:
  rows: 3
  cols: 3
  data: [1.0, 0, 0, 0, 1, 0, 0, 0, 1]
projection_matrix:
  rows: 3
  cols: 4
  data: [736.015808, 0.000000, 339.330001, 0.000000, 0.000000, 733.326660, 256.300094, 0.000000, 0.000000, 0.000000, 1.000000, 0.000000]
